0 0 0 0 0 0 10 0 12 0 0 0 0 0 0 0
0 6 3 16 12 0 8 0 0 15 1 0 2 0 0 0
14 0 9 0 11 3 15 0 0 0 0 0 0 0 0 0
4 13 0 12 0 0 0 0 6 0 0 0 0 15 0 0
0 0 0 0 14 1 0 7 3 0 10 0 0 8 0 12
3 0 0 0 2 4 0 0 0 14 7 13 0 0 5 15
11 0 5 0 0 0 0 0 0 9 4 0 0 6 0 0
0 0 0 0 13 0 16 5 0 0 0 12 0 0 0 0
0 0 0 0 9 0 1 0 0 8 3 10 11 0 15 0
2 12 0 0 0 0 14 0 5 4 0 0 0 0 9 0
6 3 0 0 0 0 13 0 0 11 0 1 0 12 16 2
0 0 10 0 0 0 0 0 0 0 12 0 8 0 6 7
12 8 0 0 0 0 0 10 0 13 0 0 0 5 0 0
5 0 0 0 3 0 4 6 0 1 15 0 0 0 0 0
0 9 0 0 0 14 0 0 0 0 2 0 0 0 10 8
0 14 0 0 0 0 9 0 4 0 0 8 0 0 2 0