15 0 0 13 14 0 0 11 5 0 0 10 8 0 0 9 
0 2 0 7 13 0 0 8 16 0 0 15 11 0 12 0 
0 0 0 0 0 0 15 5 8 2 0 0 0 0 0 0 
9 1 0 5 6 0 0 0 0 0 0 13 14 0 10 7 
11 16 0 10 5 7 12 0 0 3 14 8 6 0 15 1 
0 0 0 0 9 16 0 0 0 0 7 1 0 0 0 0 
0 0 13 0 15 0 11 1 6 5 0 9 0 4 0 0 
1 15 5 0 0 0 8 0 0 16 0 0 0 7 11 14 
10 13 12 0 0 0 6 0 0 11 0 0 0 1 16 4 
0 0 4 0 10 0 16 9 7 8 0 6 0 12 0 0 
0 0 0 0 12 4 0 0 0 0 1 16 0 0 0 0 
16 11 0 15 1 5 14 0 0 9 3 12 7 0 13 10 
6 4 0 16 3 0 0 0 0 0 0 7 2 0 8 13 
0 0 0 0 0 0 7 15 1 4 0 0 0 0 0 0 
0 14 0 2 4 0 0 10 12 0 0 11 1 0 3 0 
5 0 0 11 16 0 0 14 9 0 0 3 4 0 0 12 
