0 0 14 4 0 3 11 0 0 2 6 0 12 5 0 0 
15 6 0 13 0 16 0 0 0 12 3 0 8 0 9 14 
0 3 9 2 0 0 5 0 0 0 0 10 0 0 1 0 
1 16 7 12 0 0 0 0 0 11 4 9 0 0 6 0 
0 12 11 0 14 2 0 13 9 0 0 0 16 3 0 0 
2 0 3 0 1 4 0 0 0 0 0 0 0 0 14 13 
10 8 15 0 11 0 0 16 1 14 13 0 0 4 0 9 
14 4 0 0 7 0 0 5 12 3 0 0 10 6 11 0 
12 14 0 6 3 0 0 15 0 5 0 0 0 0 0 4 
0 15 0 0 5 14 9 0 8 4 11 0 13 1 0 12 
0 1 0 0 10 7 4 0 3 0 9 12 0 15 2 11 
0 0 0 0 0 13 0 12 10 0 1 0 0 0 0 8 
0 2 0 0 0 0 0 0 11 0 0 8 0 0 0 0 
0 0 0 15 8 0 6 0 0 0 12 0 5 0 0 0 
0 0 0 0 0 5 0 0 15 9 16 6 0 0 10 2 
0 0 0 0 12 15 0 0 0 0 2 7 0 0 8 0 
