8 0 14 4 0 3 0 0 7 2 0 0 12 5 15 0 
15 0 1 0 2 10 16 4 5 12 0 0 0 7 9 14 
0 0 9 7 15 12 0 14 0 1 8 0 0 2 6 13 
5 16 0 12 9 6 8 7 0 0 4 0 3 0 1 10 
0 12 11 0 14 2 10 13 9 8 0 0 1 0 0 15 
7 13 0 16 1 4 15 9 0 0 0 5 2 0 14 12 
0 8 0 0 0 0 12 16 0 0 13 3 0 4 0 0 
0 9 4 0 7 8 0 5 12 0 0 2 10 0 0 11 
12 0 0 0 3 16 0 15 2 0 0 13 14 10 11 0 
0 15 0 0 0 0 9 0 8 4 0 16 0 0 12 0 
0 0 0 11 0 7 4 0 3 6 0 12 9 15 2 5 
9 0 5 14 0 0 0 12 10 0 0 15 6 0 0 0 
0 0 0 9 16 1 13 0 0 0 0 8 0 14 0 6 
0 11 7 15 8 0 0 2 14 10 12 0 5 0 0 3 
0 14 0 0 0 5 7 0 0 0 16 0 11 0 10 0 
3 0 6 10 12 0 14 11 4 13 2 0 0 9 0 0 
