8 10 14 4 13 3 0 1 7 2 6 0 12 5 15 0 
15 0 1 0 2 10 16 4 5 12 3 11 8 7 9 14 
11 3 9 7 15 12 5 14 0 1 8 10 4 2 6 13 
5 16 2 12 9 6 8 7 0 15 4 0 3 11 1 10 
6 12 11 5 14 2 10 13 9 8 7 0 1 0 0 15 
7 13 0 16 1 4 15 9 6 11 10 5 2 8 14 12 
0 8 15 2 0 11 12 16 0 14 13 3 7 4 5 9 
14 9 4 1 7 8 0 5 12 16 0 2 10 6 13 11 
12 7 8 6 3 16 0 15 2 5 0 13 14 10 11 0 
2 15 10 3 5 14 9 0 8 4 11 16 13 1 12 0 
13 0 0 11 0 7 4 8 3 6 14 12 9 15 2 5 
9 4 5 14 11 13 2 12 10 7 1 15 6 16 3 8 
4 2 12 9 16 1 13 10 11 3 0 8 15 14 0 6 
16 11 7 15 8 9 6 2 14 10 12 1 5 0 4 3 
0 14 13 8 4 5 7 3 15 9 16 0 11 12 10 2 
3 0 6 10 12 15 14 11 4 13 2 0 0 9 8 1 
